# Report obtained from res.plain.4 (as of 3/22/97 14:58:24)
#
# name		inputs	symvars	symgr.	size	time	sifts	swaps
9symml          9	0	0	25	0.01	0	0
life            9	0	0	26	0.02	0	0
sao2            10	0	0	81	0.01	0	0
baugh-wooley6x6 12	0	0	792	0.07	0	0
cu              14	0	0	32	0.01	0	0
tial            14	0	0	564	0.12	0	0
misex3          14	0	0	478	0.03	0	0
alu4            14	0	0	350	0.04	0	0
s1494           14	0	0	369	0.07	0	0
t481            16	0	0	21	0.23	0	0
cmb             16	0	0	28	0.01	0	0
pm1             16	0	0	40	0.01	0	0
rcn16           16	0	0	196	0.00	0	0
baugh-wooley8x8 16	0	0	6120	1.07	0	0
vda             17	0	0	478	0.05	0	0
pcle            19	0	0	42	0.00	0	0
sct             19	0	0	48	0.02	0	0
in2             19	0	0	231	0.02	0	0
adder10         21	0	0	52	0.00	0	0
cordic          23	0	0	42	0.00	0	0
s499            23	0	0	330	0.02	0	0
s344            24	0	0	104	0.02	0	0
ttt2            24	0	0	107	0.01	0	0
s1196           32	0	0	598	0.05	0	0
C1908           33	0	0	5526	0.36	0	0
adder16         33	0	0	82	0.00	0	0
s635            34	0	0	128	0.02	0	0
C432            36	0	0	1064	0.06	0	0
mm9b            38	0	0	1527	0.10	0	0
too_large       38	0	0	319	0.44	0	0
mm9a            39	0	0	1111	0.07	0	0
C1355           41	0	0	25866	0.90	0	0
C499            41	0	0	25866	0.30	0	0
k2              45	0	0	1246	0.12	0	0
s967            45	0	0	366	0.05	0	0
C3540           50	0	0	23828	1.42	0	0
s1269           55	0	0	1695	0.10	0	0
C880            60	0	0	4053	0.13	0	0
comp32          64	0	0	97	0.02	0	0
adder32         65	0	0	162	0.01	0	0
adsb32          65	0	0	345	0.02	0	0
s938            66	0	0	161	0.04	0	0
sbc             68	0	0	917	0.11	0	0
alu32           73	0	0	478	0.05	0	0
alu32r          73	0	0	478	0.08	0	0
dalu            75	0	0	689	0.16	0	0
s991            84	0	0	328	0.04	0	0
s1512           86	0	0	566	0.08	0	0
xi30            90	0	0	91	0.02	0	0
s1423           91	0	0	1796	0.08	0	0
dpath32         93	0	0	485	0.07	0	0
ellen_c         93	0	0	155432	5.87	0	0
ellen_t         109	0	0	442	0.07	0	0
M1              118	0	0	252153	3.43	0	0
mm30a           123	0	0	11065	0.64	0	0
i3              132	0	0	133	0.04	0	0
i8              133	0	0	1276	0.32	0	0
apex6           135	0	0	498	0.05	0	0
s3271           142	0	0	831	0.19	0	0
frg2            143	0	0	963	0.11	0	0
ind1sn          148	0	0	1796	0.33	0	0
s4863           153	0	0	64088	5.57	0	0
ind2sn          172	0	0	2989	0.85	0	0
s3330           172	0	0	1089	0.26	0	0
ind3sn          174	0	0	3201	1.05	0	0
ellen_s         176	0	0	135007	3.10	0	0
C5315           178	0	0	1719	0.31	0	0
s5378           199	0	0	1932	0.42	0	0
C7552           207	0	0	2212	0.50	0	0
ellen_l         216	0	0	176022	6.90	0	0
s3384           226	0	0	693	0.23	0	0
C2670           233	0	0	1774	0.17	0	0
s9234.1         247	0	0	3045	0.87	0	0
comp128         256	0	0	385	0.05	0	0
des             256	0	0	2945	0.39	0	0
add128          257	0	0	642	0.06	0	0
adsb128         257	0	0	1401	0.09	0	0
i10             257	0	0	20660	1.13	0	0
alu128          265	0	0	1918	0.40	0	0
s6669           322	0	0	18033	6.04	0	0
cps1364         328	0	0	20522	0.70	0	0
OW              333	0	0	8012	0.14	0	0
OW2             333	0	0	6684	0.16	0	0
clma            415	0	0	738	2.38	0	0
clmb            415	0	0	690	2.19	0	0
dsip            452	0	0	3033	0.72	0	0
bigkey          486	0	0	1595	0.30	0	0
s15850.1        611	0	0	9712	4.52	0	0
s13207.1        700	0	0	2863	3.93	0	0
trainf          925	0	0	127987	8.22	0	0
s38584.1        1464	0	0	13303	12.34	0	0
s38417          1664	0	0	266772	19.54	0	0
s35932          1763	0	0	5006	17.72	0	0
#
# Options: -reordering none
